336
2 88406
1 927889
3 865632
0 643287
2 881748
3 916533
1 140554
2 40158
0 280807
3 242468
2 40486
1 675365
3 900387
0 890584
2 703226
3 791039
1 213110
2 724874
0 44413
3 671829
2 722418
1 421624
3 152899
0 480601
2 737995
3 144573
1 22592
2 570909
0 133353
3 347206
2 63744
1 470107
3 625378
0 376387
2 136857
3 201233
1 169926
2 72436
0 920107
3 617423
2 810945
1 338419
3 789615
0 820482
2 601856
3 433080
1 975235
2 415755
0 300342
3 282091
2 66650
3 326650
2 532560
3 113260
2 991585
3 253497
2 738154
3 567973
2 258318
3 243005
2 236353
3 158329
2 922178
3 436359
2 821767
3 253944
2 323617
3 578176
2 569440
3 207665
2 579738
3 63627
2 227
3 365626
2 551655
3 947181
2 520014
3 136074
2 750662
3 838925
2 819709
3 579383
2 61595
3 842547
2 440188
0 693550
3 298409
1 1000000
2 458381
3 56813
0 860886
2 52530
1 1000000
3 734877
2 256633
0 619714
3 219235
1 1000000
2 954187
3 856606
0 412852
2 901106
1 1000000
3 622126
2 289259
0 182937
3 445287
1 1000000
2 123451
3 86921
0 972545
2 90978
1 1000000
3 689294
2 719769
0 684555
3 669419
1 1000000
2 577835
3 688185
0 315746
2 97403
1 1000000
3 15864
2 784619
0 219691
3 973829
1 1000000
2 585912
3 658971
0 862320
2 726407
1 1000000
3 270019
2 400740
3 861223
2 342653
3 42204
2 769120
3 47783
2 115456
3 283975
2 370282
3 647792
2 211818
3 559298
2 697518
3 173788
2 12784
3 648585
2 712866
3 407617
2 758470
3 192483
2 660836
3 803856
2 31130
3 81369
2 864811
3 147041
2 857676
3 71453
2 546814
3 679859
2 957390
3 347422
2 783081
3 799048
2 12615
1 33797
3 861323
0 958712
2 493454
3 385407
1 512536
2 871064
0 246991
3 420522
2 486399
1 172443
3 102121
0 396440
2 870792
3 910498
1 664742
2 331704
0 155334
3 998427
2 256118
1 348283
3 925672
0 43782
2 210528
3 409893
1 939375
2 157557
0 880482
3 362457
2 684934
1 382561
3 155983
0 461155
2 188722
3 675410
1 258162
2 858457
0 239557
3 669520
2 893126
1 696282
3 708153
0 313151
2 309919
3 159940
1 388528
2 157786
0 653981
3 203354
2 923759
3 15974
2 455248
3 846564
2 334238
3 74397
2 88558
3 786673
2 994303
3 93601
2 403456
3 866380
2 81298
3 701230
2 533337
3 500178
2 499035
3 924934
2 86342
3 523815
2 228939
3 424329
2 539454
3 941744
2 896883
3 630488
2 931276
3 500949
2 622031
3 329295
2 100150
3 122652
2 996821
3 333395
2 99258
0 151826
3 550152
1 1000000
2 788742
3 768078
0 380294
2 318846
1 1000000
3 985631
2 461391
0 329999
3 843036
1 1000000
2 936058
3 511190
0 335293
2 542792
1 1000000
3 554139
2 899508
0 828148
3 646246
1 1000000
2 784130
3 543844
0 806502
2 16495
1 1000000
3 902067
2 686465
0 81064
3 431364
1 1000000
2 438134
3 719500
0 728835
2 619298
1 1000000
3 476306
2 890120
0 414005
3 656085
1 1000000
2 863072
3 506710
0 49470
2 374689
1 1000000
3 367921
2 710671
3 927163
2 425663
3 61672
2 400117
3 249604
2 133308
3 26240
2 36355
3 348109
2 847532
3 518162
2 692653
3 452751
2 410426
3 119632
2 316080
3 202372
2 995512
3 198226
2 594932
3 728250
2 401800
3 722643
2 43789
3 79133
2 888054
3 564983
2 261122
3 189022
2 209459
3 121911
2 532461
3 474612
